Nodal positions:
0.00000 0.25000 0.25000
0.00000 0.25000 0.75000
0.00000 0.75000 0.25000
0.00000 0.75000 0.75000
0.16667 0.16667 0.33333
0.16667 0.16667 0.66667
0.16667 0.33333 0.50000
0.16667 0.33333 0.16667
0.16667 0.33333 0.83333
0.16667 0.50000 0.33333
0.16667 0.50000 0.66667
0.16667 0.50000 0.33333
0.16667 0.50000 0.66667
0.16667 0.66667 0.16667
0.16667 0.66667 0.83333
0.16667 0.66667 0.50000
0.16667 0.83333 0.33333
0.16667 0.83333 0.66667
0.16667 0.33333 0.16667
0.16667 0.33333 0.83333
0.16667 0.66667 0.16667
0.16667 0.66667 0.83333
0.25000 0.00000 0.25000
0.25000 0.00000 0.75000
0.25000 0.25000 0.00000
0.25000 0.25000 1.00000
0.25000 0.75000 0.00000
0.25000 0.75000 1.00000
0.25000 1.00000 0.25000
0.25000 1.00000 0.75000
0.33333 0.50000 0.16667
0.33333 0.50000 0.83333
0.33333 0.50000 0.16667
0.33333 0.50000 0.83333
0.33333 0.16667 0.16667
0.33333 0.16667 0.83333
0.33333 0.16667 0.50000
0.33333 0.16667 0.16667
0.33333 0.16667 0.83333
0.33333 0.83333 0.16667
0.33333 0.83333 0.50000
0.33333 0.83333 0.83333
0.33333 0.83333 0.16667
0.33333 0.83333 0.83333
0.50000 0.16667 0.33333
0.50000 0.16667 0.66667
0.50000 0.33333 0.16667
0.50000 0.33333 0.83333
0.50000 0.66667 0.16667
0.50000 0.66667 0.83333
0.50000 0.83333 0.33333
0.50000 0.83333 0.66667
0.66667 0.16667 0.16667
0.66667 0.16667 0.83333
0.66667 0.16667 0.50000
0.66667 0.16667 0.16667
0.66667 0.16667 0.83333
0.66667 0.83333 0.16667
0.66667 0.83333 0.50000
0.66667 0.83333 0.83333
0.66667 0.83333 0.16667
0.66667 0.83333 0.83333
0.66667 0.50000 0.16667
0.66667 0.50000 0.83333
0.66667 0.50000 0.16667
0.66667 0.50000 0.83333
0.75000 0.00000 0.25000
0.75000 0.00000 0.75000
0.75000 0.25000 0.00000
0.75000 0.25000 1.00000
0.75000 0.75000 0.00000
0.75000 0.75000 1.00000
0.75000 1.00000 0.25000
0.75000 1.00000 0.75000
0.83333 0.33333 0.16667
0.83333 0.33333 0.83333
0.83333 0.66667 0.16667
0.83333 0.66667 0.83333
0.83333 0.16667 0.33333
0.83333 0.16667 0.66667
0.83333 0.33333 0.50000
0.83333 0.33333 0.16667
0.83333 0.33333 0.83333
0.83333 0.50000 0.33333
0.83333 0.50000 0.66667
0.83333 0.50000 0.33333
0.83333 0.50000 0.66667
0.83333 0.66667 0.16667
0.83333 0.66667 0.83333
0.83333 0.66667 0.50000
0.83333 0.83333 0.33333
0.83333 0.83333 0.66667
1.00000 0.25000 0.25000
1.00000 0.25000 0.75000
1.00000 0.75000 0.25000
1.00000 0.75000 0.75000

Bar connectivities:
1 7
1 10
2 7
2 11
3 12
3 16
4 13
4 16
5 1
5 23
6 2
6 24
8 1
9 2
14 3
15 4
17 3
17 29
18 4
18 30
19 25
20 26
21 27
22 28
23 37
23 45
24 37
24 46
25 31
25 47
26 32
26 48
27 33
27 49
28 34
28 50
29 41
29 51
30 41
30 52
35 23
36 24
38 25
39 26
40 27
42 28
43 29
44 30
53 67
54 68
56 69
57 70
58 71
60 72
61 73
62 74
67 45
67 55
68 46
68 55
69 47
69 63
70 48
70 64
71 49
71 65
72 50
72 66
73 51
73 59
74 52
74 59
75 69
76 70
77 71
78 72
79 67
79 93
80 68
80 94
82 93
83 94
88 95
89 96
91 73
91 95
92 74
92 96
93 81
93 84
94 81
94 85
95 86
95 90
96 87
96 90